{
 "cells": [
  {
   "cell_type": "markdown",
   "metadata": {},
   "source": [
    "## Linear Algebra\n",
    "\n",
    "Linear algebra, like matrix multiplication, decompositions, determinants, and other square matrix math, is an important part of any array library. Unlike some languages like MATLAB, multiplying two two-dimensional arrays with * is an element-wise product instead of a matrix dot product. As such, there is a function dot, both an array method, and a function in the numpy namespace, for matrix multiplication:"
   ]
  },
  {
   "cell_type": "code",
   "execution_count": 2,
   "metadata": {},
   "outputs": [],
   "source": [
    "import numpy as np"
   ]
  },
  {
   "cell_type": "code",
   "execution_count": 4,
   "metadata": {},
   "outputs": [
    {
     "data": {
      "text/plain": [
       "(array([[1., 2., 3.],\n",
       "        [4., 5., 6.],\n",
       "        [7., 8., 9.]]),\n",
       " array([[ 6., 23.],\n",
       "        [-1.,  7.],\n",
       "        [ 8.,  9.]]))"
      ]
     },
     "execution_count": 4,
     "metadata": {},
     "output_type": "execute_result"
    }
   ],
   "source": [
    "x = np.array([[1., 2., 3.],[4., 5., 6.],[7., 8., 9.,]])\n",
    "\n",
    "y = np.array([[6., 23.], [-1, 7], [8, 9]])\n",
    "\n",
    "x, y"
   ]
  },
  {
   "cell_type": "code",
   "execution_count": 5,
   "metadata": {},
   "outputs": [
    {
     "data": {
      "text/plain": [
       "array([[ 28.,  64.],\n",
       "       [ 67., 181.],\n",
       "       [106., 298.]])"
      ]
     },
     "execution_count": 5,
     "metadata": {},
     "output_type": "execute_result"
    }
   ],
   "source": [
    "x.dot(y)  # equivalently np.dot(x, y)"
   ]
  },
  {
   "cell_type": "markdown",
   "metadata": {},
   "source": [
    "A matrix product between a 2D array and a suitably sized 1D array results in a 1D array:\n"
   ]
  },
  {
   "cell_type": "code",
   "execution_count": 17,
   "metadata": {},
   "outputs": [
    {
     "data": {
      "text/plain": [
       "array([ 6., 15., 24.])"
      ]
     },
     "execution_count": 17,
     "metadata": {},
     "output_type": "execute_result"
    }
   ],
   "source": [
    "np.dot(x, np.ones(3))"
   ]
  },
  {
   "cell_type": "markdown",
   "metadata": {},
   "source": [
    "numpy.linalg has a standard set of matrix decompositions and things like inverse and determinant. These are implemented under the hood using the same industry-standard Fortran libraries used in other languages like MATLAB and R, such as like BLAS, LAPACK, or possibly (depending on your NumPy build) the Intel MKL:"
   ]
  },
  {
   "cell_type": "code",
   "execution_count": 18,
   "metadata": {},
   "outputs": [],
   "source": [
    "from numpy.linalg import inv, qr"
   ]
  },
  {
   "cell_type": "code",
   "execution_count": 19,
   "metadata": {},
   "outputs": [],
   "source": [
    "X = np.random.randn(5,5)"
   ]
  },
  {
   "cell_type": "code",
   "execution_count": 20,
   "metadata": {},
   "outputs": [],
   "source": [
    "mat = X.T.dot(X)"
   ]
  },
  {
   "cell_type": "code",
   "execution_count": 21,
   "metadata": {},
   "outputs": [
    {
     "data": {
      "text/plain": [
       "array([[ 6.09926253, -0.7163031 ,  1.61479132, -2.69540099, -1.40801136],\n",
       "       [-0.7163031 ,  0.18112967, -0.28356888,  0.35876804,  0.26173436],\n",
       "       [ 1.61479132, -0.28356888,  0.87261284, -0.97255188, -0.81514325],\n",
       "       [-2.69540099,  0.35876804, -0.97255188,  3.39569482,  1.57091028],\n",
       "       [-1.40801136,  0.26173436, -0.81514325,  1.57091028,  1.27345065]])"
      ]
     },
     "execution_count": 21,
     "metadata": {},
     "output_type": "execute_result"
    }
   ],
   "source": [
    "inv(mat)"
   ]
  },
  {
   "cell_type": "code",
   "execution_count": 22,
   "metadata": {},
   "outputs": [
    {
     "data": {
      "text/plain": [
       "array([[ 1.00000000e+00,  1.13814870e-16,  5.09646906e-16,\n",
       "         2.60532585e-17,  2.86037786e-16],\n",
       "       [ 6.86010936e-16,  1.00000000e+00,  3.29257675e-16,\n",
       "         2.73062608e-16, -1.58947273e-16],\n",
       "       [-3.99460705e-15,  2.50361977e-16,  1.00000000e+00,\n",
       "         1.22913586e-15,  1.63221576e-16],\n",
       "       [ 1.21326049e-16,  1.79637018e-16, -5.79140414e-17,\n",
       "         1.00000000e+00,  8.03218731e-16],\n",
       "       [-1.27481505e-15, -1.89792351e-16, -2.41336652e-16,\n",
       "        -7.17315185e-16,  1.00000000e+00]])"
      ]
     },
     "execution_count": 22,
     "metadata": {},
     "output_type": "execute_result"
    }
   ],
   "source": [
    "mat.dot(inv(mat))"
   ]
  },
  {
   "cell_type": "code",
   "execution_count": 23,
   "metadata": {},
   "outputs": [],
   "source": [
    "q, r = qr(mat)"
   ]
  },
  {
   "cell_type": "code",
   "execution_count": 25,
   "metadata": {},
   "outputs": [
    {
     "data": {
      "text/plain": [
       "array([[ -1.35493354,  -7.45615251,   2.57805136,  -1.22920516,\n",
       "          3.48526236],\n",
       "       [  0.        , -10.98432414,  -5.76853996,   0.67753786,\n",
       "         -2.43939516],\n",
       "       [  0.        ,   0.        ,  -1.5654715 ,   0.06604016,\n",
       "         -1.41065597],\n",
       "       [  0.        ,   0.        ,   0.        ,  -0.94562343,\n",
       "          1.66985845],\n",
       "       [  0.        ,   0.        ,   0.        ,   0.        ,\n",
       "          0.38334454]])"
      ]
     },
     "execution_count": 25,
     "metadata": {},
     "output_type": "execute_result"
    }
   ],
   "source": [
    "r"
   ]
  },
  {
   "cell_type": "markdown",
   "metadata": {},
   "source": [
    "![Commonly used numpy.linalg function](../../Pictures/Commonly%20used%20numpy.linalg%20function.png)"
   ]
  }
 ],
 "metadata": {
  "kernelspec": {
   "display_name": "Python 3.10.5 64-bit (windows store)",
   "language": "python",
   "name": "python3"
  },
  "language_info": {
   "codemirror_mode": {
    "name": "ipython",
    "version": 3
   },
   "file_extension": ".py",
   "mimetype": "text/x-python",
   "name": "python",
   "nbconvert_exporter": "python",
   "pygments_lexer": "ipython3",
   "version": "3.10.5"
  },
  "orig_nbformat": 4,
  "vscode": {
   "interpreter": {
    "hash": "ffea71f7b71092eabe4cd0b8ca5f97eab7e23656a5f6413a198e81db1d0ce6b2"
   }
  }
 },
 "nbformat": 4,
 "nbformat_minor": 2
}
